(ST8:0.00730,ST3:0.00000,ST2:0.07299,((ST185:0.04380,ST89:0.00730):0.05109,
(ST119:0.00000,(ST196:0.00000,ST80:0.01460):0.01460):0.00730,
ST60:0.00730,ST59:0.02190,ST35:0.00730,(ST30:0.00730,ST21:0.00000):0.00730,
((ST97:0.00000,ST76:0.00730):0.00730,ST17:0.00000):0.00730,(ST37:0.01460,
ST16:0.00000):0.01460,ST14:0.00000,(ST138:0.00730,(ST137:0.00730,
ST27:0.01460,ST7:0.00000):0.01460):0.00730,((ST125:0.04380,ST105:0.00730,
(ST160:0.00730,ST156:0.00730,(ST163:0.00730,ST155:0.00000):0.00730,
ST150:0.00730,ST149:0.00730,ST148:0.00730,ST146:0.01460,ST128:0.01460,
(ST161:0.00730,ST127:0.00000):0.00730,((ST191:0.00730,ST181:0.00000,
ST178:0.01460):0.00730,ST124:0.00000):0.00730,(ST162:0.00730,
ST107:0.00000):0.00730,(ST164:0.00000,ST106:0.00730):0.00730,
ST84:0.00730,ST82:0.00730,ST61:0.01460,ST58:0.00730,ST44:0.00000,
ST34:0.00730):0.00730):0.00730,ST5:0.00000):0.00730,(ST12:0.00730,
(ST122:0.00730,ST120:0.00730,(ST184:0.00000,ST114:0.00730):0.00730,
ST79:0.00730,(ST121:0.00000,(ST104:0.00000,ST103:0.00730):0.00730,
ST56:0.00730):0.00730,ST55:0.00730,(((ST141:0.00365,ST68:0.00365):0.00730,
ST67:0.00365):0.00365,ST54:0.00000):0.00730,((ST72:0.00365,(ST81:0.00365,
ST71:0.00365):0.00730):0.00365,ST48:0.00000):0.00730,(ST110:0.00730,
ST45:0.00730):0.01460,ST26:0.00730,(ST24:0.00000,ST23:0.00730):0.00730,
(ST143:0.02190,ST140:0.00730,ST126:0.02920,(ST142:0.00730,(ST144:0.00730,
ST139:0.00000):0.00730,ST33:0.00000):0.00730,(ST167:0.01460,ST123:0.00730,
ST118:0.00730,ST112:0.02190,ST77:0.00730,(ST113:0.02920,(ST166:0.00730,
ST53:0.02190):0.03650):0.02920,ST43:0.00730,(ST169:0.01460,ST42:0.00730):0.00730,
ST22:0.00000):0.01460,ST20:0.00730,ST19:0.00000):0.00730,ST18:0.00730,
(ST66:0.00730,((ST204:0.00730,ST176:0.01460,ST133:0.00730,ST132:0.01460,
(ST102:0.01460,ST98:0.00000):0.00730,((ST92:0.00000,ST91:0.00730):0.00730,
ST90:0.00000):0.00730,(ST200:0.00730,ST87:0.00000):0.00730,ST78:0.00730,
ST70:0.00730,ST64:0.00730,(ST194:0.00730,ST188:0.00730,ST186:0.00730,
(ST193:0.01460,ST180:0.00000):0.00730,ST172:0.00730,(ST198:0.00730,
ST134:0.00000):0.00730,ST63:0.00000):0.00730,(ST192:0.00730,ST62:0.00000):0.00730,
ST57:0.00730,ST52:0.00730,(ST171:0.01460,ST50:0.00000):0.00730,
((ST182:0.03650,ST86:0.00000):0.02920,ST85:0.00730,(ST152:0.00730,
ST51:0.00000):0.00730,(ST201:0.00730,ST195:0.00730,ST175:0.00730,
((ST187:0.00730,ST183:0.00000):0.00730,ST170:0.00000):0.00730,
(ST165:0.00000,ST147:0.00730):0.00730,ST136:0.00730,ST135:0.00730,
ST109:0.00730,ST100:0.00730,(ST168:0.01460,ST96:0.00000):0.00730,
ST95:0.01460,ST88:0.00730,ST83:0.00730,ST47:0.00000):0.00730):0.00730,
(ST117:0.00730,ST46:0.00000):0.00730,ST32:0.00000,(ST202:0.00730,
ST197:0.00730,ST157:0.00730,ST94:0.00730,((ST131:0.00000,ST129:0.00730):0.00730,
ST93:0.00000):0.01460,(ST189:0.00730,(ST190:0.00000,ST177:0.00730):0.00730,
ST130:0.00730,(ST116:0.00730,ST111:0.00000):0.00730,ST99:0.00730,
ST75:0.00730,ST73:0.00730,ST65:0.00730,ST49:0.00000):0.00730,
(ST74:0.00730,ST40:0.00000):0.00730,(ST153:0.00730,ST39:0.00000):0.00730,
ST38:0.00730,ST31:0.00000):0.02190):0.00730,ST15:0.00000):0.01460):0.00730,
ST11:0.00730,ST10:0.00730,ST9:0.01460,((ST69:0.00730,ST28:0.00000):0.00730,
((ST203:0.00730,ST41:0.00000,(ST199:0.00730,ST179:0.00730,ST174:0.00730,
ST173:0.02920,ST159:0.01460,ST115:0.00730,(((ST154:0.00730,ST151:0.00000):0.00730,
ST145:0.00000):0.00730,ST108:0.00000):0.00730,ST101:0.00730,ST36:0.00000):0.00730,
(ST158:0.00000,ST29:0.01460):0.00730):0.00730,ST25:0.00000):0.00730,
ST13:0.00730,ST6:0.00000):0.00730,ST4:0.00730,ST1:0.00000):0.00730):0.00730):0.00730);
